107
43
64
43
21
193
43
86
107
43
43
43
107
107
43
86
43
43
64
64
43
43
43
43
43
258
43
193
193
43
43
43
43
43
43
43
236
107
43
43
64
21
21
43
43
43
43
43
86
86
43
43
21
21
43
43
43
387
21
43
43
43
107
107
43
43
43
43
43
43
43
43
43
43
43
43
43
64
64
43
43
43
43
43
43
43
43
64
64
107
107
43
43
43
43
387
387
43
43
43
43
215
215
43
43
43
21
21
258
258
21
21
21
43
43
21
64
64
21
43
43
21
21
21
21
21
21
43
43
86
86
21
21
64
64
21
21
43
43
21
21
43
43
43
64
64
21
21
107
107
43
43
64
64
21
64
64
64
64
64
43
64
64
43
43
193
193
64
21
21
43
43
43
43
43
43
21
21
21
43
43
43
43
21
21
64
43
43
43
43
43
43
215
215
43
43
43
43
43
43
43
43
43
43
43
43
43
43
43
43
43
43
64
64
43
43
64
64
21
43
43
43
43
775
775
43
21
21
43
43
43
21
21
64
43
43
43
43
43
43
43
43
43
43
43
64
64
43
43
64
64
43
43
43
43
86
43
43
43
43
43
43
64
64
43
43
64
64
43
43
43
43
107
107
43
43
21
21
86
86
43
43
43
43
21
21
43
43
43
43
43
43
43
43
43
43
43
43
21
21
43
43
64
64
64
43
